
Inactive Modules:
  1) UCX/1.12.1     2) numactl/2.0.14

Due to MODULEPATH changes, the following have been reloaded:
  1) binutils/2.38     2) zlib/1.2.12

The following have been reloaded with a version change:
  1) GCCcore/11.3.0 => GCCcore/12.2.0

Rank -1 Array: 1003478365 1002324600 1001525996 1001408991 999577525 998680707 998046329 996366456 995341861 994460912 993078306 991845420 991349333 989402974 987886268 987243920 986446023 986189881 986059531 984517622 982628083 981070577 980300745 979448302 979447673 978482707 977837163 977455923 976692495 975132564 974090170 972896142 972611406 971079665 969472067 967977171 966826605 965161629 963792501 963479966 963187853 961642299 960656012 959752538 958450276 957692931 955798845 954379464 953373896 951417100 950964378 949546446 948467810 946590837 944597036 943682917 942847964 941452795 940963764 939852691 939181405 938355306 937925570 936253837 934370169 933422654 932402113 931561426 929997765 928636635 926739495 925340508 924058335 922602453 920958952 920141484 919930953 918348410 917807399 917783140 917537522 917248860 917090755 916356398 914625432 912797102 910885113 909812108 908215370 906477495 904983963 903692962 901814959 901460764 900381822 899687557 898008592 897755608 897039004 896648144 895889925 894439004 893462292 892580718 892373849 891874700 890171337 888190786 887707511 886195794 884357556 884325515 883717282 882494931 880799717 879606824 879523406 878239382 876330652 874845378 874609184 873344765 873157136 871334812 869604786 868714098 867614317 865852253 865759706 865101966 863441659 863181739 863177974 861191242 859988827 859065380 857888872 856243019 855244614 854200878 853033899 852179521 851625043 850465041 850242758 849474346 849074352 848868941 848777877 848348357 847356340 846533395 844836729 843464518 841909048 840861812 840220874 838454804 837844967 835894484 835421262 835293999 834624297 833886851 832959536 832398038 830570334 830120860 828919735 827151987 826409384 824997738 824304907 823218474 822704928 822195915 821854729 821750975 820626241 819425089 819192122 818625252 817545483 816729070 816449819 815307160 813747858 812544608 811748107 811007335 809706663 809325158 808651350 807829422 805830101 805391832 804434248 802541955 801637427 800781133 800661321 799437492 797551293 795720647 794257302 792593894 790700982 790040685 788450931 786859614 785849753 784070735 782708643 781351098 780928696 780788233 779234124 778935565 778570429 778206693 777364182 775514088 775166108 774137679 772757858 770920593 768928623 768084187 767685106 766624923 765101873 764120096 763457686 762650430 760713177 760484098 760109749 758971563 757453502 756924905 756421414 754756975 753854426 753311726 752416076 750694579 749883458 748435510 747942000 747389730 746525963 746431567 745835553 744949502 744170997 743389287 743262945 741984170 741901977 740158738 739982030 738481126 736875643 735956745 734460388 734019815 732966800 732912579 732116076 730865019 729527651 728230063 726543232 725376491 723954701 722608629 721797166 720512829 719572090 718413702 717372140 716693341 715319959 713653776 711695791 710864552 710592035 709270883 708168177 706404766 704618785 703708711 702060396 700061872 699134228 697784083 697374704 696367810 695519442 694454172 693444779 691563870 690442340 688553529 687550351 685956300 685937046 684412465 682703452 680837141 679435269 678183780 677055497 676501337 674760392 674393586 673040796 672153495 670507111 669658481 667882884 666099655 664747248 664067398 663185045 661447048 659456943 657706385 655940002 654933864 654476883 654291624 652598012 651454465 650714432 650135828 648984772 648888423 647010981 645821710 645483233 644561189 642844258 642311062 642309957 641032214 640361221 639696498 639607168 639593628 638930197 637698205 637450970 636015503 635494186 633669189 633609798 633208093 632493426 630556102 629546839 627653821 625980635 625178754 624668232 624359615 624069861 622907853 621863723 620306632 619397957 618053044 616240488 615830895 615232047 614400007 612919408 611936243 611868870 610908142 609696955 608742857 606953518 606816331 606704705 604705208 603157553 602945938 602318807 600336062 599824861 598448264 597190999 595876561 593895456 592493412 590719496 589330636 587717952 585992314 585384743 585274267 584829587 583455999 581574553 580880877 578931480 578714123 577562245 577340414 576591935 574981573 573955434 573231189 571323783 570052376 569111209 567841834 566033418 565990681 565878094 565212584 564609609 563364767 561475400 560643358 558673736 557767356 557569209 556381124 554523709 553179815 552070239 551612732 550044554 548098231 546629330 545061427 544167736 542675242 541587891 540806411 540622994 538881351 537163412 535546615 533582293 532143505 531206271 531017487 529888505 529761148 528698994 527041167 525924932 524390715 523947015 522860776 521277752 521135773 520275955 519674409 517961025 516195555 515424460 514616003 513297876 511972138 511807045 509854634 509578906 508622324 508288062 507772522 506959122 506139678 505455588 505024274 504767340 504190089 503984325 502842157 502494547 501568717 499652428 498227904 497026019 496716516 496547725 495508601 495090908 494419675 492747846 492106406 491377713 489981115 488166706 486984690 485694637 484257278 483715048 482611614 482154150 481175147 480898008 480550230 479490300 477662540 476782203 475537569 475459843 475451315 475138431 474765042 473749438 472033634 471521284 469810909 469751304 468423692 466836258 466434765 465984296 465960631 464397933 463537443 462946490 461503566 461335511 460240692 458498482 457837058 456278714 454765477 454015369 452331743 450416061 450168253 449768425 448581495 447596046 445802195 445004934 443882356 443512830 443213336 441667329 439815138 438719282 437263102 436022264 434763154 434082332 433159309 431239478 430981636 430300277 430258867 429808496 427881284 427676283 426922832 426481857 424823795 424817101 424228550 423954774 423557908 422089707 420572249 418948076 418931789 417569062 416535625 415378774 414983677 413049888 412108211 412094627 410652510 410278260 408793662 408660763 407210200 406044447 404485190 404215761 403622943 403330006 401339833 400795968 400615535 400084279 399455984 398769391 397176005 396069224 395556099 395135297 393819012 392402626 391116944 390747748 390723290 390312341 389232866 388828094 388317826 387938194 386695539 385588100 384446305 383806649 383382454 381533263 380697402 380214768 380069529 379938167 379495402 377996533 377167736 376507611 376039987 374922746 374599176 374087879 373867437 373712072 371808186 370822690 370738752 370522967 369454009 367808623 366338193 365114297 363865967 362544034 362224848 360982968 359806743 358229197 356518906 354925361 353741343 352059187 350789469 350200593 349336755 348783427 348108690 347898904 347602699 347430024 346133958 344876122 343318377 342850203 341191639 340781409 339178423 338823911 338712883 338277031 336353785 335064665 334922306 333265133 332565664 331610731 331118992 330143986 329496056 329252022 328822400 327111282 326245768 325194911 323311044 321561399 320055906 318929518 317309197 316217369 314988529 313076908 311170310 309603796 308989869 308278184 306291231 304294684 302975752 302613839 300665978 299859231 298321135 296859570 296071991 294765879 292867698 291215277 289770472 288920608 287582659 286981323 285879334 284583985 283662749 282579664 281864913 280525802 279550862 278965986 278116996 278056927 276419044 275518553 275465543 273828193 273369749 271555083 269812909 267853841 266262845 266080095 264284174 262922968 261496311 261146543 259411258 258436283 257899635 256753331 255643699 254942341 254542338 252824313 251143322 250933175 249904345 248822853 248257651 246366000 244726763 243824132 242743347 241051271 239903654 239747365 237830347 237714970 236639975 235055862 234330559 232398934 232237186 231716362 230022945 229253301 228765240 228167203 227932309 227191042 225559177 223576415 223399862 222155830 221869411 221836576 221147126 219734224 219339222 218450095 217136790 216001214 215112124 214825314 214033203 212926207 211050659 210161692 209534607 208243319 207972096 206335877 204497623 204200149 202735871 201353972 201039201 199709966 199237891 198388183 196531659 195999179 194955179 194481498 194013021 193892132 193568859 192675844 190966922 190112745 189995032 189557505 189172698 187578685 186090146 185080033 183953879 182342447 182071262 181382089 181055878 179252250 177631834 176280784 176126540 176007991 174313100 173135873 172044250 171511145 169515177 168860140 168445743 166975737 165033889 163501339 162011446 161551338 159785261 158754095 158209945 157055274 155880750 155871767 154690911 153553570 151768241 150836356 149763450 148704641 148200399 146728182 146482009 144744463 143489386 142929870 141264525 139928044 139577732 138461183 137114616 136398044 135297492 134436516 134403324 133180280 131858214 130237313 129216174 128852335 127177753 125196264 123755682 121884975 120650046 119945824 119340903 119309619 117806545 117547489 116595333 115640025 114692240 114345205 112964060 112226463 110885559 109713834 108699648 108005279 107505381 106378322 105306879 103790258 103618681 103570656 103272294 102535731 101482791 100830121 99785398 99538042 97564722 97411877 96580686 96213320 95206319 94430399 94394163 94281141 93806555 93281106 92230859 91968434 90526946 89962668 88262486 87410907 86566728 86559126 85623193 85461066 84221276 83260306 83037576 82080770 81675905 81622335 80853852 79392639 77802658 77506760 76592799 76129016 75565941 74907892 73753574 72821464 71346137 69851299 68280097 68243813 67845111 67541704 66870979 66732268 66075810 65384750 64586923 63283193 61881211 60228907 59042388 59010613 58035336 56403847 55960602 55022978 53434871 51900543 51190884 49228389 48650487 48103138 46582703 44725880 43489586 41966658 40458308 38635353 37615528 36122354 35615921 34427581 34130235 33271631 31982400 31446698 30828920 29196428 27685002 26856914 25097796 24257876 23822151 23090495 21395552 19602767 17911146 16289688 14343385 13999716 12904463 11841948 11543967 9824898 8015757 6029166 5995064 4271582 2675206 2207336 1598010 41530 0 
Array is sorted: 1
JOBID        NAME                 USER                     PARTITION              NODES  CPUS  STATE        TIME         TIME_LEFT    START_TIME        REASON                   NODELIST
16793215     JobName              ndsoham                  short                  1      4     RUNNING      0:06         9:54         2025-10-16T16:27  None                     c264
