
Inactive Modules:
  1) UCX/1.12.1     2) numactl/2.0.14

Due to MODULEPATH changes, the following have been reloaded:
  1) binutils/2.38     2) zlib/1.2.12

The following have been reloaded with a version change:
  1) GCCcore/11.3.0 => GCCcore/12.2.0

Before: 1049232536 1045933100 1031801153 1021478594 1004138655 998172733 992272356 981880249 979068874 965017133 950509679 937605278 928471654 925014977 909817240 900233245 893956217 878126354 859112144 840417996 824357587 816616313 800830176 786346496 782896908 775076795 770519379 753711003 735944587 718579469 712895737 705796095 697911202 697439727 682829825 669790745 668964202 667169802 648265071 638635595 622951985 603887606 586215253 577736303 567158170 560437041 541248160 522208922 504438686 500664057 488460479 482216591 481844133 474953090 463455681 452135003 443532071 425730618 417084180 397979227 387382960 386322733 374139127 360533539 341316011 328247143 315211623 315164953 303701714 283716971 275830071 267383897 261492583 251168882 241543455 230039016 221443586 206852799 202506379 194875918 187959130 184844632 176736643 161259543 146255010 143800545 124577355 114585120 108920243 96161591 92495415 82976731 79295132 63129288 62818626 52022816 34285507 18998494 18258035 0 
After: 0 18258035 18998494 34285507 52022816 62818626 63129288 79295132 82976731 92495415 96161591 108920243 114585120 124577355 143800545 146255010 161259543 176736643 184844632 187959130 194875918 202506379 206852799 221443586 230039016 241543455 251168882 261492583 267383897 275830071 283716971 303701714 315164953 315211623 328247143 341316011 360533539 374139127 386322733 387382960 397979227 417084180 425730618 443532071 452135003 463455681 474953090 481844133 482216591 488460479 500664057 504438686 522208922 541248160 560437041 567158170 577736303 586215253 603887606 622951985 638635595 648265071 667169802 668964202 669790745 682829825 697439727 697911202 705796095 712895737 718579469 735944587 753711003 770519379 775076795 782896908 786346496 800830176 816616313 824357587 840417996 859112144 878126354 893956217 900233245 909817240 925014977 928471654 937605278 950509679 965017133 979068874 981880249 992272356 998172733 1004138655 1021478594 1031801153 1045933100 1049232536 
 issorted: 1
JOBID        NAME                 USER                     PARTITION              NODES  CPUS  STATE        TIME         TIME_LEFT    START_TIME        REASON                   NODELIST
16783680     JobName              ndsoham                  short                  1      2     RUNNING      0:08         14:52        2025-10-15T16:13  None                     c322
